1 -0.756634271063156
2 -1.02085082722126
3 0.197985024792508
4 -1.46678962107525
5 0.000766258161351036
6 -1.78857390885787
7 -0.195496770932038
8 -2.30499475306046
9 -0.197245589319608
10 -1.23379114315955
11 -1.27928456093212
12 -0.873465415126252
13 -1.83286117871911
14 -0.098140289524934
15 0.371907313503271
16 0.189488474613465
17 -1.64241078033381
18 -0.871690401501597
19 -2.13466519955833
20 -1.90282726163629
21 -0.58529123274092
22 -1.65610294199897
23 -1.46912955223931
24 -0.953394301059815
25 -1.022682902843
26 -2.34497316800772
27 -0.419120313893501
28 -0.381975444736006
29 -0.878621963988027
30 -1.03688636393155
31 -0.41421653657747
32 -1.47497715624851
33 -2.20988938831563
34 0.296626815904823
35 -1.28262488117409
36 -1.55338554591636
37 0.0875833193360427
38 -0.26488018130113
39 -1.42893569163334
40 -1.86266631095408
41 -1.59613169405697
42 -1.17617222493091
43 -0.8510743244982
44 -1.99973878883343
45 -1.04773728455991
46 -1.59439961108563
47 -1.54527059131247
48 -0.609121163432528
49 -1.10074751101874
50 -2.33799331474978
51 -0.884990389451759
52 -2.01658198847336
53 -0.225166194004257
54 -1.38011342563795
55 -2.20856575719008
56 -0.881738321954447
57 -0.478914780439868
58 -0.13965011447656
59 -0.000202282366359346
60 -2.32703558230681
61 1.70441175058831
62 3.05218291779631
63 0.249100570824306
64 2.5591891588218
65 1.36366338920034
66 1.46127652762601
67 2.8262113960905
68 1.46776850065153
69 1.94157054068039
70 3.42494964171056
71 3.03010243220692
72 0.853627567351789
73 4.07887882239231
74 2.68199782105714
75 0.152631387782465
76 1.5025438549118
77 1.43121036513525
78 2.43336354383373
79 0.910081463714378
80 5.06299043565384
81 2.46654860022418
82 2.51678256313124
83 3.82030774213415
84 2.622074664574
85 2.61760044752285
86 -2.27395130806221
87 2.16381655453372
88 -1.13431448683493
89 4.65704664419486
90 4.57160250991144
91 3.37651652652524
92 2.76609089031601
93 1.17899373365814
94 2.98344375820255
95 3.17059765611692
96 5.65422222156262
97 1.66242716090499
98 1.84785904196195
99 2.06115676717522
100 1.94090268411833
101 2.12657547858978
102 3.36193909824623
103 4.86248297812923
104 2.22949470054131
105 0.211396282221461
106 0.627181927282989
107 -0.805549863330729
108 1.03076396953501
109 1.87576035065044
110 2.77681330613603
111 2.41592595994737
112 4.86989901187825
113 2.59442124691241
114 0.0339643834475002
115 2.53271771393663
116 0.843303378591216
117 3.77953245162796
118 4.03112491001556
119 0.829023042616933
120 0.432125473695112
121 0.586926621459572
122 1.43715258726169
123 2.00795383239767
124 -0.223656390784152
125 2.63783190746819
126 1.42954772301033
127 0.0710830418984802
128 0.97649558708192
129 0.697164969417901
130 1.74048108176566
131 2.78733522300383
132 2.42729220069103
133 0.504188811614523
134 3.52720886024701
135 -0.586435711333806
136 4.28257790528408
137 3.39219536279395
138 2.46963761601257
139 -0.179562509690169
140 2.25296888963085
141 2.4147833564895
142 3.04371832935059
143 2.18868846374661
144 0.341222679026077
145 2.91360047324087
146 4.43905672906693
147 0.997658595053428
148 -0.181319520374686
149 3.9430135350361
150 1.25796833191211
151 3.38936373852605
152 2.58116167548041
153 2.6622347199522
154 -0.465069162383959
155 2.13916381582301
156 0.18461335036641
157 1.67536055713029
158 2.29211295214884
159 1.85653881302948
160 0.330581779332897
161 2.86370844121076
162 -0.0100713507126766
163 1.32724295848555
164 3.0603747668295
165 2.99453579761519
166 2.10381472978391
167 3.12669089003744
168 2.48598931164741
169 4.97807826857443
170 1.92271740729464
171 1.37303359504585
172 1.94788956585936
173 3.44489708041076
174 3.10971868478201
175 3.62250523533203
176 4.25633003045231
177 0.114062984653385
178 0.882878423105653
179 0.993103212994653
180 3.56697775793053
181 -0.906931132346127
182 3.33534931433918
183 1.62083894903656
184 0.719188370319808
185 2.64094686280395
186 2.8392181158007
187 4.7833965164557
188 1.72744479676623
189 0.911385605273434
190 0.574192700297984
191 4.49883927363499
192 3.60074742513392
193 1.78552140235632
194 2.04505062893169
195 0.448013730968204
196 2.01877340147995
197 3.19570318650622
198 6.29127061439107
199 3.02739932993874
200 -0.385527665139166
